0 0.3994140625 0.87109375 0.169921875 0.1328125
0 0.076171875 0.8818359375 0.15234375 0.115234375
0 0.3837890625 0.650390625 0.091796875 0.08203125
0 0.69140625 0.6943359375 0.06640625 0.080078125
0 0.6865234375 0.552734375 0.060546875 0.04296875
0 0.431640625 0.48828125 0.0625 0.078125
0 0.2177734375 0.3359375 0.138671875 0.140625
0 0.197265625 0.1416015625 0.1171875 0.166015625
0 0.3876953125 0.1787109375 0.064453125 0.060546875
0 0.8984375 0.3955078125 0.078125 0.064453125
0 0.2568359375 0.51953125 0.056640625 0.05859375
